#lang racket

(require math)

(time(define S (list(list 2.587364229567655727e+01 2.142851185315392470e+01 2.233971572286464635e+01 2.433496268314610944e+01 2.144284294920922207e+01 2.124905871390981815e+01 2.035950158719965231e+01 1.910843666571343036e+01 2.349291729118330707e+01 2.384523190620893018e+01 2.090248352899711648e+01 2.121838582895365732e+01 2.269012095042791444e+01 2.215065360233939984e+01 2.093415447590944467e+01 2.221027451960220844e+01 2.000009158432330025e+01 1.958990182874081043e+01 1.985115538692865300e+01 1.771377319823547225e+01 2.102625735437441534e+01 2.027485078563965359e+01 2.200807677458325884e+01 2.151094493375655148e+01 2.318016334686739555e+01 2.338502103479702399e+01 2.288891717967082684e+01 2.033693815707761487e+01 2.253927504572805063e+01 2.215094043592780082e+01 2.113071600196865418e+01 1.810097156109524974e+01 1.994863022189152346e+01 2.337911743456185576e+01 2.138665220602842609e+01 2.000516708273219990e+01 2.399232356473499905e+01 2.060265961619212760e+01 2.204378560021687505e+01 2.049475420394703917e+01 2.088836629924084320e+01 2.014819877361071221e+01 2.023559472006191484e+01 2.173952455210578094e+01 2.043008093714617601e+01 2.272354921202416023e+01 2.061725660815146099e+01 2.414167893972154033e+01 2.047366557224358630e+01 1.982857450077384698e+01 2.072708152269333937e+01 1.810773065944565019e+01 2.033817957582649072e+01 2.012295496044430010e+01 2.265858139765318668e+01 1.977558670554970632e+01 2.092054645600683926e+01 2.097006498235181482e+01 2.282322846696794016e+01 2.003136311689609883e+01 2.199171866247796103e+01 2.162297415933911182e+01 2.090855716001727416e+01 2.331023978944465824e+01 1.738404624103285911e+01 2.100314714862100729e+01 2.310332082103318285e+01 2.318020569899472960e+01 2.138208818204783768e+01 2.283521148207273654e+01 2.332542785801321727e+01 1.934370509049227493e+01 2.278459606290508788e+01 1.901159905587986643e+01 2.249718745354458704e+01 2.152612466917365097e+01 2.382497990447331304e+01 2.290170607905638178e+01 2.242671932441108140e+01 2.278655964185563576e+01 2.273098288099155440e+01 2.378930583212686400e+01 2.027661312668224625e+01 2.032157160329239787e+01 2.480680750525497658e+01 2.238707520071466561e+01 2.033091394770776006e+01 1.611452140459463678e+01 2.162349051655551335e+01 2.063160853014041507e+01 2.064802162689273501e+01 2.044785020232257367e+01 2.207632949496725416e+01 1.901916566003580655e+01 2.106933383737390741e+01 2.096282765442967744e+01 1.744045802504476228e+01 2.127761032793192086e+01 2.049435553188948944e+01 1.956417149191677396e+01)
               (list 2.142851185315392470e+01 3.271100068469075950e+01 2.608763548395199905e+01 2.576268948195207642e+01 2.413051214505591346e+01 2.449337742971889753e+01 2.429276546078235555e+01 2.270626778419121550e+01 2.662256085906329872e+01 2.782235063154168841e+01 2.385710932379381433e+01 2.663683760612863338e+01 2.547342226146601618e+01 2.606875647131416684e+01 2.514733273465740027e+01 2.640617948875920717e+01 2.599897006355355700e+01 2.194745122201400633e+01 2.202417489123772043e+01 2.275100240789107531e+01 2.468428803175304509e+01 2.404191257065989262e+01 2.497197307400687194e+01 2.494586034326480473e+01 2.730494701933589496e+01 2.750441320618639196e+01 2.556467407216717191e+01 2.181291434153191844e+01 2.591161249778243558e+01 2.485160596728100657e+01 2.462112256202241412e+01 2.252031833567895092e+01 2.323914106900413401e+01 2.681703943590601114e+01 2.549588209330499211e+01 2.277913929148407846e+01 2.713619514590985560e+01 2.330797821255570312e+01 2.388699902870458658e+01 2.538099617351574366e+01 2.537024090925463327e+01 2.430751415434102114e+01 2.443076758714406793e+01 2.568107711016531880e+01 2.357170455498589590e+01 2.533957782045971641e+01 2.388988223128721700e+01 2.819968413743437807e+01 2.502145138525090573e+01 2.551095299865616184e+01 2.166979977421031478e+01 2.115649553568050223e+01 2.545586974068908859e+01 2.392027088373541233e+01 2.624193487638004285e+01 2.510172713426413083e+01 2.543665042019273059e+01 2.488983807152460415e+01 2.709904231144708930e+01 2.307506515014291182e+01 2.634248467011241246e+01 2.420808626226060767e+01 2.423980880688947082e+01 2.771698489141816424e+01 1.948606025539596232e+01 2.595742890340517306e+01 2.507515065559514866e+01 2.484117769307736978e+01 2.288174243285856235e+01 2.530205469571619048e+01 2.424935706981278827e+01 2.109913565491256904e+01 2.696621788621926186e+01 2.195520958555757574e+01 2.492188616648985544e+01 2.504451471051100597e+01 2.920967330852743160e+01 2.709258940895961842e+01 2.572650246889160286e+01 2.638514237875940793e+01 2.921032223075417988e+01 2.655848826230278448e+01 2.318518221248165645e+01 2.318697218569742446e+01 2.747330676853496456e+01 2.635121375552570910e+01 2.675995018566852579e+01 1.895738051267096935e+01 2.487256737019004760e+01 2.276490930209572028e+01 2.345133659437079743e+01 2.349911570257597759e+01 2.494980823637210676e+01 2.393740402299305714e+01 2.558209783859622988e+01 2.439722649607774230e+01 2.190497333236831423e+01 2.243940226439255881e+01 2.484011524331765131e+01 2.223119535243726119e+01)
               (list 2.233971572286464635e+01 2.608763548395199905e+01 3.201817929849219979e+01 2.671275265221810713e+01 2.260631861319314240e+01 2.586836762909177878e+01 2.540648528593552413e+01 2.249928891065836822e+01 2.670429397432539886e+01 2.722377602485894599e+01 2.391114939838794839e+01 2.669605089323631830e+01 2.672286149336625982e+01 2.569863959236272422e+01 2.643316722131565655e+01 2.750600262162462428e+01 2.385699960692016575e+01 2.161802900098376412e+01 2.122749827350844143e+01 2.106722431992075428e+01 2.468844445736188575e+01 2.347414224878620814e+01 2.430450321626032206e+01 2.522818271463329509e+01 2.603227796206239120e+01 2.428566200904265671e+01 2.558165901476392534e+01 2.161440742064275966e+01 2.621209612395439592e+01 2.493585376825601330e+01 2.514472529569168202e+01 2.166111825726314777e+01 2.208871814702517256e+01 2.608032653987055838e+01 2.546819866472336358e+01 2.247536798498097710e+01 2.691725423194321110e+01 2.335957620523261014e+01 2.440602825546313426e+01 2.086971345797537225e+01 2.479825023860914257e+01 2.420371547515933131e+01 2.219288148716329800e+01 2.441577773085185754e+01 2.177606211310248341e+01 2.664150637797560250e+01 2.470661488872113765e+01 2.564825588471625295e+01 2.289761233898363102e+01 2.192367707148967071e+01 2.269134452567766758e+01 2.015298680376159979e+01 2.366070404431786756e+01 2.371760489245332693e+01 2.504477032164292183e+01 2.431724544647375552e+01 2.374890035778214781e+01 2.519324379448748630e+01 2.558453899812441890e+01 2.171152780414661265e+01 2.574165878105458560e+01 2.354362520666405700e+01 2.305271484389908210e+01 2.752753987577921535e+01 1.841105116541721998e+01 2.392473169989591142e+01 2.456222141266929171e+01 2.571338297581925758e+01 2.329542522761846257e+01 2.434620607934503411e+01 2.391004546167037503e+01 2.173152828174852758e+01 2.583576595799228315e+01 2.373500558436413499e+01 2.369368191883127395e+01 2.296986800980267773e+01 2.629461311788028866e+01 2.742034520063278435e+01 2.570864347728824129e+01 2.551901711406579309e+01 2.844932676551336215e+01 2.645868058977427495e+01 2.351652094581110930e+01 2.164017710150094942e+01 2.598610415566871268e+01 2.595025709014192827e+01 2.604593894626111705e+01 1.884630220467515471e+01 2.387833294318180322e+01 2.293297676272936414e+01 2.312501042799596007e+01 2.368075240130535519e+01 2.483656369223836435e+01 2.239290047142331019e+01 2.523151998276589225e+01 2.284120049473013836e+01 2.290289035851522215e+01 2.260475229551220622e+01 2.324752522336128635e+01 2.323324462691190462e+01)
               (list 2.433496268314610944e+01 2.576268948195207642e+01 2.671275265221810713e+01 3.903251360308117768e+01 2.681623220115682571e+01 2.672032857945858808e+01 2.724814761378793904e+01 2.501080034212424863e+01 2.872783818903644715e+01 3.126672529445432147e+01 2.589198654704242131e+01 2.970059836699231326e+01 2.720851783172717830e+01 2.786271008605123711e+01 2.643942019344263983e+01 2.837158035235357190e+01 2.803783957724460407e+01 2.333444841622413790e+01 2.497452738970379471e+01 2.362585088095985597e+01 2.755710352297861121e+01 2.591171996335141614e+01 2.607055196010577447e+01 2.867601182357593004e+01 2.919849826006702287e+01 2.977073295088341709e+01 2.718102959854275014e+01 2.321379722801925638e+01 2.739390418562658169e+01 2.803080574858098117e+01 2.738423489098614994e+01 2.297230172090566924e+01 2.305164367891255139e+01 2.782475624783350199e+01 2.696075922118293278e+01 2.523717470039479593e+01 2.815532063235044546e+01 2.585154892384952419e+01 2.734726495314116690e+01 2.456224746116705049e+01 2.771267704191699366e+01 2.553106612016251020e+01 2.490590861290420577e+01 2.739525916692954510e+01 2.592740409715622363e+01 2.594573787798768905e+01 2.639347391914230201e+01 2.982897459550250474e+01 2.594245582018669083e+01 2.553195903483262086e+01 2.699325307130952112e+01 2.311473667346986716e+01 2.608531700045470103e+01 2.607444545996037988e+01 2.796624193180701923e+01 2.491957227358926374e+01 2.586370367086534472e+01 2.723786326308817252e+01 2.824386979350230220e+01 2.413239406499191730e+01 2.704467547176047759e+01 2.581898257487457116e+01 2.678928872776591419e+01 2.928007342248491085e+01 2.160313868319489217e+01 2.763859841979918741e+01 2.836975466626134690e+01 2.702611463874153941e+01 2.664207133696520202e+01 2.724581801082594978e+01 2.738082804783304525e+01 2.298284849693041210e+01 2.776082556575590132e+01 2.433098908651185965e+01 2.586347576323027653e+01 2.697732481232550938e+01 3.046263787736517870e+01 3.130883289550389392e+01 2.867865735244535230e+01 2.759281274565693565e+01 2.873570854542048636e+01 2.827666073611087683e+01 2.590077111271402543e+01 2.538202894164331624e+01 2.996315980030293957e+01 2.663711418348072968e+01 2.715266093821697879e+01 1.986646944172345641e+01 2.647429856928701497e+01 2.462167873045587285e+01 2.599740751734474742e+01 2.530562344465075242e+01 2.832556302817012295e+01 2.303030899078987659e+01 2.583129758705721812e+01 2.699112459238993722e+01 2.357123301499085954e+01 2.612178876208561462e+01 2.606881889630125215e+01 2.509342511160527778e+01)
               (list 2.144284294920922207e+01 2.413051214505591346e+01 2.260631861319314240e+01 2.681623220115682571e+01 3.144132960696859769e+01 2.304635706233456105e+01 2.135329645130111942e+01 2.073497397034469714e+01 2.623683861938818751e+01 2.663476028683985675e+01 2.142300005645816441e+01 2.501466847746240418e+01 2.589970605242090684e+01 2.584669550006387340e+01 2.364907738979254859e+01 2.352360359109920651e+01 2.429254185787682729e+01 2.066170698826449836e+01 2.356874287758714459e+01 2.008415567018120740e+01 2.499941896177377743e+01 2.235708964091448792e+01 2.365025076846128727e+01 2.468848704948829109e+01 2.448409660649453201e+01 2.583245560215431524e+01 2.409971915909017071e+01 2.258956513330125659e+01 2.393298534188223670e+01 2.491623213856478003e+01 2.427211706539388558e+01 2.060844008026623797e+01 2.456971966365333060e+01 2.582369790439051016e+01 2.551251586986024478e+01 2.150589974875535049e+01 2.629960128588593804e+01 2.394508049265711591e+01 2.254884505160316266e+01 2.330075366646782342e+01 2.721274105009278088e+01 2.299535717956707259e+01 2.411571787461270588e+01 2.418963686680370984e+01 2.146613520897639305e+01 2.550828001435067094e+01 2.291707196170729333e+01 2.733518305616997424e+01 2.228720498856342047e+01 2.376599952604909305e+01 2.086979320671720473e+01 2.263764798558314340e+01 2.248833959712424857e+01 2.309103857384872072e+01 2.552325565188826673e+01 2.490619488169120288e+01 2.352069235449695839e+01 2.504063444275121242e+01 2.593284687900444752e+01 2.374252596927141212e+01 2.646782076959657104e+01 2.312349725848096682e+01 2.279311066011884179e+01 2.651711093935756480e+01 2.094366047463491753e+01 2.493930248979254571e+01 2.460901992082732193e+01 2.324323262319435557e+01 2.295465664349119450e+01 2.374326203810081992e+01 2.460499507037604872e+01 2.004497215399232957e+01 2.663912616954269552e+01 2.270270898399891379e+01 2.310082265284833269e+01 2.394012398775387851e+01 2.636296049793753937e+01 2.569620850866006023e+01 2.572704922137153005e+01 2.592633958924307080e+01 2.763350965916587398e+01 2.559053780965457747e+01 2.152509172564736417e+01 2.385379118525054665e+01 2.597450564477308532e+01 2.331331618282149876e+01 2.503707405567769939e+01 1.882167428677506749e+01 2.465145979316795888e+01 2.288255634095727942e+01 2.328437922386003933e+01 2.269253987180414711e+01 2.576156131970105889e+01 2.279592532353339962e+01 2.604552438484553534e+01 2.427312961348038201e+01 2.124493533807180512e+01 2.266827316019737992e+01 2.405305772214301641e+01 2.212817273738565049e+01)
               (list 2.124905871390981815e+01 2.449337742971889753e+01 2.586836762909177878e+01 2.672032857945858808e+01 2.304635706233456105e+01 3.283880433956021250e+01 2.635057346518741284e+01 2.245586854212881178e+01 2.688123107223227848e+01 2.746029522933934430e+01 2.293784486629850505e+01 2.700792549573436574e+01 2.651002720210172114e+01 2.660446165176493238e+01 2.591895857995783814e+01 2.656183209719477034e+01 2.402878540418291209e+01 2.322174069120513451e+01 2.304242023967034925e+01 2.245448619285174985e+01 2.501710911867884590e+01 2.298594424500849698e+01 2.376661401722821410e+01 2.534057003102542893e+01 2.618428740689581602e+01 2.683420100356107696e+01 2.556487552662036222e+01 2.218043945689415963e+01 2.510960010844728885e+01 2.601215534841632504e+01 2.399334267150725353e+01 2.198275496056494305e+01 2.339644936285172605e+01 2.620802853821276202e+01 2.300817471915363654e+01 2.242586230559118832e+01 2.786218895913641092e+01 2.252853799218405584e+01 2.549538192351133148e+01 2.346134814628295118e+01 2.441293019120795194e+01 2.520858263818837486e+01 2.199791366213284860e+01 2.348322682569522968e+01 2.240357581775998597e+01 2.593145783127743087e+01 2.388896495802930531e+01 2.730930055164933634e+01 2.336766923835854826e+01 2.251926989141066215e+01 2.393302959641347627e+01 2.000162682810242387e+01 2.454346545580133210e+01 2.344045637853560038e+01 2.536494332357444748e+01 2.489123063885377363e+01 2.478280356699016806e+01 2.526046246703727860e+01 2.567392690726558868e+01 2.382370135896402630e+01 2.468131564904891562e+01 2.371365923759143257e+01 2.411096553568301459e+01 2.625852531163415549e+01 2.053930210239562371e+01 2.603181108182907977e+01 2.540697208172579025e+01 2.539012935436519314e+01 2.364559502642761402e+01 2.515271459626053030e+01 2.605549092658582211e+01 2.187781544251981458e+01 2.517147568902634802e+01 2.447247422393794736e+01 2.430387575346376750e+01 2.529478751553739002e+01 2.749534948493396058e+01 2.838481999941784650e+01 2.618290090554300420e+01 2.457993206793614860e+01 2.775105889203360832e+01 2.552842471720395778e+01 2.374971971489146227e+01 2.346112479186841426e+01 2.826364859884139591e+01 2.646415735899060095e+01 2.632166475073176670e+01 1.994255885493179647e+01 2.539261530401936540e+01 2.291260208302320578e+01 2.476594099795544679e+01 2.440454465579095356e+01 2.473838673446483938e+01 2.118231498100913868e+01 2.554765070732690901e+01 2.447478645295746347e+01 2.401286414727569607e+01 2.384785743104254507e+01 2.360089972893018029e+01 2.405690574872126319e+01)
               (list 2.035950158719965231e+01 2.429276546078235555e+01 2.540648528593552413e+01 2.724814761378793904e+01 2.135329645130111942e+01 2.635057346518741284e+01 3.231051389431297594e+01 2.366704021229860189e+01 2.685305298695534759e+01 2.591486338037200454e+01 2.437347077900058778e+01 2.815454832691161968e+01 2.507838902232715483e+01 2.606749942261780006e+01 2.404374230454275363e+01 2.576454585004467290e+01 2.476668362103587029e+01 2.193724086397533313e+01 2.169991686220403793e+01 2.195352965700796588e+01 2.532054798948221119e+01 2.428889674597761683e+01 2.214827205817933020e+01 2.569122018113246853e+01 2.519338445498934576e+01 2.637226388871516036e+01 2.589753083637113562e+01 2.237767038271137565e+01 2.598776936405777960e+01 2.542225673060955060e+01 2.351395789076482146e+01 2.062763566104325363e+01 2.291613596873266800e+01 2.670278845543535340e+01 2.413989721102774411e+01 2.405228332451853035e+01 2.836198850933495308e+01 2.268068073892583669e+01 2.645016939200351658e+01 2.265001645290117338e+01 2.588922786215052341e+01 2.395034035632491864e+01 2.238673666528966422e+01 2.540052498127137426e+01 2.268754758391377990e+01 2.464406202010473379e+01 2.399769428525129555e+01 2.660921939902143052e+01 2.351066761467187760e+01 2.292547268630414337e+01 2.376318816433905212e+01 2.063548327013007366e+01 2.459371885241592537e+01 2.324672621118167015e+01 2.493786076106760063e+01 2.524329134671968689e+01 2.384464596588257734e+01 2.579293007987891073e+01 2.559038156727468305e+01 2.257500000726719236e+01 2.464782900930999787e+01 2.344634836899045283e+01 2.394059268720300437e+01 2.548256359767738743e+01 1.896913241172550002e+01 2.575917305863808693e+01 2.538960202704394575e+01 2.371908859263939462e+01 2.407622530890433055e+01 2.420030122378669901e+01 2.433166689699319463e+01 2.193459137871597164e+01 2.511805638623627601e+01 2.290153890429300176e+01 2.416723630202007200e+01 2.516425053472750406e+01 2.624335058793570497e+01 2.695574628324470012e+01 2.530977953092253330e+01 2.396374849807848761e+01 2.816334436044771650e+01 2.543588650256439010e+01 2.368362469137968773e+01 2.351376856735480914e+01 2.703343335417418203e+01 2.569115960246897146e+01 2.580341939327395906e+01 1.961358274431634641e+01 2.456545365945985182e+01 2.196376531208581895e+01 2.445889884233464073e+01 2.321084158571868628e+01 2.278835291172401156e+01 2.293543612607132332e+01 2.480070730674870916e+01 2.452990530666043867e+01 2.258587579913778853e+01 2.456878943353888545e+01 2.260130147451818061e+01 2.332890357751663402e+01)
               (list 1.910843666571343036e+01 2.270626778419121550e+01 2.249928891065836822e+01 2.501080034212424863e+01 2.073497397034469714e+01 2.245586854212881178e+01 2.366704021229860189e+01 2.902951389233919954e+01 2.437619481073261340e+01 2.546901560352274885e+01 2.081282322430223886e+01 2.578653634050409948e+01 2.431392733312459242e+01 2.357247504246887004e+01 2.371532397234317457e+01 2.351463172603146390e+01 2.387764660729303756e+01 2.028743914600815046e+01 2.141477537374979789e+01 2.082042474841001223e+01 2.294002883100488788e+01 2.127727052687512810e+01 2.196920601388805494e+01 2.473162800462020527e+01 2.406301607497095318e+01 2.499152309317669918e+01 2.517041724140085535e+01 2.062532038987990646e+01 2.426749208171720085e+01 2.271593771805371276e+01 2.208259931798548337e+01 1.916456386753065289e+01 2.040393193950406570e+01 2.331413011048532979e+01 2.231997443390135416e+01 2.142323643596242277e+01 2.637352870116003345e+01 2.059274015295738991e+01 2.422850194955335468e+01 2.231003022167032768e+01 2.415737928501195597e+01 2.262020954367893566e+01 2.354844016682930885e+01 2.314457727762674466e+01 2.179525642060865920e+01 2.245803903423761483e+01 2.252989580084559762e+01 2.594769430831196999e+01 2.193466000272566774e+01 2.217640233720645426e+01 2.211672334704086751e+01 1.949892290108610027e+01 2.393665662035370190e+01 2.069110375076248687e+01 2.305387387822376155e+01 2.190438633308054150e+01 2.328582239638489426e+01 2.161564928829274734e+01 2.334447131582921386e+01 2.079054803715454725e+01 2.267095980905790498e+01 2.396306641302873075e+01 2.288204670916432804e+01 2.634177050451948432e+01 1.818029914672112568e+01 2.386840045503191732e+01 2.271493466455937593e+01 2.234175127490055601e+01 2.156225969796979669e+01 2.379166041691112810e+01 2.593245234994284587e+01 2.245340561053432182e+01 2.338438758551026098e+01 2.275987063138149580e+01 2.287706621738194102e+01 2.373713850616820764e+01 2.518084020191343697e+01 2.476262347852226142e+01 2.418844906608806866e+01 2.440033109588359039e+01 2.524401198227740650e+01 2.475303878312750783e+01 2.113581721605294561e+01 2.129885963416261774e+01 2.632790695021200378e+01 2.398823134127261270e+01 2.342373072880503315e+01 1.718134977300893951e+01 2.324941539226211162e+01 2.061974500457973747e+01 2.252906500805090673e+01 2.299060738763171585e+01 2.269514597373375153e+01 2.169903801095236773e+01 2.363103450703023611e+01 2.413278898876381007e+01 2.117624085034028525e+01 2.152577707752217862e+01 2.202858409917593718e+01 2.174903205896831793e+01)
               (list 2.349291729118330707e+01 2.662256085906329872e+01 2.670429397432539886e+01 2.872783818903644715e+01 2.623683861938818751e+01 2.688123107223227848e+01 2.685305298695534759e+01 2.437619481073261340e+01 4.029835785112010171e+01 3.034693483087249888e+01 2.615699313778521073e+01 3.051444207965351652e+01 2.901355331743330623e+01 2.902485464392391634e+01 2.825999817324533225e+01 2.867333566906313891e+01 2.717939366199265550e+01 2.444537233324314940e+01 2.622058696340194928e+01 2.286917000987883952e+01 2.791224980887193752e+01 2.737310507823761441e+01 2.717570715000668002e+01 2.958466943538491378e+01 2.733164600167630809e+01 2.976007404111058463e+01 2.925454972555023048e+01 2.591692130520988613e+01 2.799357028492826416e+01 2.824686230804428178e+01 2.709090100988709082e+01 2.330701790222550329e+01 2.463764824722880675e+01 2.967977944984670202e+01 2.774700247057390001e+01 2.583776615619163408e+01 3.013614896561663414e+01 2.627511555117902020e+01 2.748486052732411267e+01 2.616127985589242755e+01 2.704982357546485616e+01 2.736153455682733693e+01 2.562268882502491252e+01 2.662414076444491329e+01 2.642197008728507512e+01 2.915159114532745832e+01 2.668510523536800960e+01 3.044210644410178190e+01 2.540589600283594507e+01 2.730639015042099160e+01 2.703753921379007252e+01 2.317567551611351107e+01 2.757030323549456341e+01 2.583752522915421679e+01 2.768168188008121433e+01 2.800349737595069399e+01 2.557264523263444644e+01 2.819174054376076199e+01 2.966843828346263834e+01 2.687687782921423363e+01 2.957129268859247873e+01 2.696663865731990839e+01 2.595660572091447804e+01 2.975774015476737233e+01 2.294050835480119233e+01 3.047485395530916463e+01 2.917979231145375962e+01 2.863325471548555612e+01 2.723298422400756991e+01 2.754444963022772797e+01 2.793155951391242908e+01 2.367007127240689357e+01 2.873092218240199713e+01 2.582130877469670693e+01 2.816867035008478481e+01 2.834233805101426285e+01 3.083873431862400594e+01 3.088297939352286647e+01 2.899914038038087938e+01 2.791515531904586567e+01 2.947907429984631023e+01 2.755726582474062525e+01 2.780010561294364280e+01 2.745582078795035486e+01 3.021274780528672466e+01 2.731271800511292724e+01 2.838886508870711012e+01 2.293198876765911010e+01 2.981267478149019468e+01 2.520698726698075731e+01 2.560292022243228516e+01 2.801864960205286437e+01 2.663688923189974389e+01 2.453294229954644834e+01 2.999873468147055888e+01 2.669137678679458503e+01 2.439416584700482460e+01 2.634374746210434282e+01 2.711658244476143409e+01 2.556888794605801962e+01)
               (list 2.384523190620893018e+01 2.782235063154168841e+01 2.722377602485894599e+01 3.126672529445432147e+01 2.663476028683985675e+01 2.746029522933934430e+01 2.591486338037200454e+01 2.546901560352274885e+01 3.034693483087249888e+01 3.631922148118310645e+01 2.597545640396964473e+01 3.082691083906804508e+01 2.774137702554976315e+01 2.912421787913257276e+01 2.735765540164439003e+01 2.742236204083010520e+01 2.752278121458419946e+01 2.535183451029677215e+01 2.563619734675948436e+01 2.346281587963164483e+01 2.829912350520310227e+01 2.554252024637028029e+01 2.659123349563222050e+01 2.896800482409048527e+01 2.962651892561847333e+01 2.823301802307645048e+01 2.925870014367274408e+01 2.436037540697516590e+01 2.759504021436396570e+01 2.785855558514509767e+01 2.800292227083457774e+01 2.260309681675932580e+01 2.559961960027791150e+01 2.791002620015274616e+01 2.637449101009377728e+01 2.447485246013447480e+01 2.877619210395978300e+01 2.569319180488186305e+01 2.706058542599275185e+01 2.550473611394344076e+01 2.800194370876893757e+01 2.737195357335859569e+01 2.620374084005332804e+01 2.652955417507564206e+01 2.511460841057227711e+01 2.744930455667325475e+01 2.619228295387434002e+01 3.059943044358730546e+01 2.609322720122664307e+01 2.623864241958745325e+01 2.674483277097899148e+01 2.201826151432422307e+01 2.703373562128770047e+01 2.596135266154213639e+01 2.929451338794542181e+01 2.780326001329926555e+01 2.661134241436104020e+01 2.688841567957507905e+01 2.849909585440635951e+01 2.438960317193854266e+01 2.670013981238445311e+01 2.664021023684627920e+01 2.575341846809738655e+01 2.962773962703618125e+01 2.282158621258899700e+01 2.690267456479095998e+01 2.878000727102647716e+01 2.799607183256568632e+01 2.561903137212384252e+01 2.623195409614126561e+01 2.889605054873148049e+01 2.311087919165304783e+01 2.797655048839090242e+01 2.550401939758229375e+01 2.706730065104381922e+01 2.597252114014044011e+01 3.000583234790717668e+01 3.020288295275565460e+01 2.989279948159220623e+01 2.734704799241882611e+01 2.970238721077991428e+01 2.770091464287441241e+01 2.616312063123405096e+01 2.456017766690042947e+01 2.977508511284710480e+01 2.815610492279955679e+01 2.818565172436908739e+01 2.008979861424943181e+01 2.771058441890389190e+01 2.465205565348240313e+01 2.611991026960637541e+01 2.571359979027437603e+01 2.799400818430020266e+01 2.527196154618691892e+01 2.723967832596581928e+01 2.693537037999438510e+01 2.430195804056649678e+01 2.612322489078129450e+01 2.588277832131932144e+01 2.549682928293387363e+01)
               (list 2.090248352899711648e+01 2.385710932379381433e+01 2.391114939838794839e+01 2.589198654704242131e+01 2.142300005645816441e+01 2.293784486629850505e+01 2.437347077900058778e+01 2.081282322430223886e+01 2.615699313778521073e+01 2.597545640396964473e+01 2.990813101444634370e+01 2.621840724442719406e+01 2.472096672336274636e+01 2.481510362856854357e+01 2.358986198811058799e+01 2.563094545694913151e+01 2.336792711824782387e+01 2.128579578051193977e+01 2.028705036142696727e+01 2.132059890265976421e+01 2.386614684082512028e+01 2.290751667175814177e+01 2.376408983920551421e+01 2.379073617071404811e+01 2.489839682323986025e+01 2.360237879315742759e+01 2.565261744188373072e+01 2.257630904687569640e+01 2.471895942723287831e+01 2.526078498235441572e+01 2.407275513724020755e+01 2.108047827831879673e+01 2.092814697950041491e+01 2.434178096770749988e+01 2.422251158957112693e+01 2.226365317572554403e+01 2.524730995538491740e+01 2.196227420077688564e+01 2.472291219948237995e+01 2.103977769862001068e+01 2.474595127134552897e+01 2.329946458726692882e+01 2.201252661554499923e+01 2.298580413741338191e+01 2.455741974415704831e+01 2.410452105136103995e+01 2.274407533057467035e+01 2.716469927203765167e+01 2.180468494909746013e+01 2.161482745894244673e+01 2.172163905608029566e+01 1.969520046684712966e+01 2.370745274281444637e+01 2.264745228836664026e+01 2.347811665546420912e+01 2.334201845385940643e+01 2.292058733455680297e+01 2.443328907728110977e+01 2.498337145028043338e+01 2.258880854649402181e+01 2.356381999295694385e+01 2.269736559212871541e+01 2.378844967572800684e+01 2.532889562484646007e+01 1.682933453648639954e+01 2.353886662671611063e+01 2.438229619898933720e+01 2.387856423279015772e+01 2.267844532812224045e+01 2.401353792719375591e+01 2.370395977665527454e+01 2.154992174635096447e+01 2.494637209785348730e+01 2.188310834918978998e+01 2.286888987823664721e+01 2.417482613231679167e+01 2.637840246052434878e+01 2.628285499587134311e+01 2.510663613511701087e+01 2.389024209817747391e+01 2.641201480477852215e+01 2.501305700505484708e+01 2.305578521316866158e+01 2.323766648307228522e+01 2.639216383595059767e+01 2.378515434281879948e+01 2.442280539729884126e+01 1.921648127773215009e+01 2.433404377921026196e+01 2.186649117802200237e+01 2.142988825845096201e+01 2.302574970251166064e+01 2.345374426881392793e+01 2.230327497638362644e+01 2.506246548195561630e+01 2.168702624028268744e+01 1.961608577697804634e+01 2.192101589012790441e+01 2.282072899980740743e+01 2.335393806234137060e+01)
               (list 2.121838582895365732e+01 2.663683760612863338e+01 2.669605089323631830e+01 2.970059836699231326e+01 2.501466847746240418e+01 2.700792549573436574e+01 2.815454832691161968e+01 2.578653634050409948e+01 3.051444207965351652e+01 3.082691083906804508e+01 2.621840724442719406e+01 3.714018744225354141e+01 2.876573518088217440e+01 2.824478907095112135e+01 2.817175343621057948e+01 2.845022365611048798e+01 2.830212430600649398e+01 2.508544599490507210e+01 2.497089676561193272e+01 2.439067303660642594e+01 2.854395871876329949e+01 2.575550066989179498e+01 2.466620498073765333e+01 2.934908936052393358e+01 2.753552472298441955e+01 2.781937994364401945e+01 2.830083882287837227e+01 2.430649698540412729e+01 2.741532573510315274e+01 2.836495871190600582e+01 2.836762998999494911e+01 2.394291499293952086e+01 2.336564506328646118e+01 2.810469066282145789e+01 2.790731920911872166e+01 2.569296897170816152e+01 2.863453070676253986e+01 2.565658644079667283e+01 2.820449495746685287e+01 2.474516409583468501e+01 2.828588123192054127e+01 2.756962589445292622e+01 2.649606894299510174e+01 2.754088086345337416e+01 2.573855971466446135e+01 2.785892225821531909e+01 2.702010989892078641e+01 3.219573899389868643e+01 2.567392929446782546e+01 2.598671959857582792e+01 2.653518811149999479e+01 2.335986515578026967e+01 2.759482874478796433e+01 2.649464805017840874e+01 2.737773062531431023e+01 2.806265687213587157e+01 2.484717992996827007e+01 2.705901052755834257e+01 2.868205190821987216e+01 2.554862014663270742e+01 2.778056964037392618e+01 2.660572922059007794e+01 2.659827983759202041e+01 2.977502134254875443e+01 2.148996859652552160e+01 2.872899125367295170e+01 2.809322122984639591e+01 2.664270057231207645e+01 2.604217787470095047e+01 2.686698994635223769e+01 2.742529381428224866e+01 2.480208432439524557e+01 2.858819466944062881e+01 2.595044605755629163e+01 2.723810640277413953e+01 2.758521179304582915e+01 3.057109351195521896e+01 2.969568494851912277e+01 2.877658028892732389e+01 2.745552858369635629e+01 3.010511449333947454e+01 2.810499055368592991e+01 2.602597619266335727e+01 2.524975478528679318e+01 2.944511436154849804e+01 2.700238559527947402e+01 2.992245927340442790e+01 2.209607446820338339e+01 2.789161736962240923e+01 2.511893571359054533e+01 2.637672649432849781e+01 2.586838644791607678e+01 2.683483130184363930e+01 2.534315085749876317e+01 2.782476696512556558e+01 2.679022877319487250e+01 2.435951342289159527e+01 2.537339324624223735e+01 2.532331264982692431e+01 2.672725351016027417e+01)
               (list 2.269012095042791444e+01 2.547342226146601618e+01 2.672286149336625982e+01 2.720851783172717830e+01 2.589970605242090684e+01 2.651002720210172114e+01 2.507838902232715483e+01 2.431392733312459242e+01 2.901355331743330623e+01 2.774137702554976315e+01 2.472096672336274636e+01 2.876573518088217440e+01 3.463726858853978996e+01 2.815371589952080456e+01 2.736552861627819411e+01 2.764055115645182781e+01 2.473332268137723489e+01 2.296829015998572032e+01 2.323598875129671626e+01 2.304745290250659906e+01 2.547692615120469384e+01 2.509529500538825530e+01 2.514793924630743760e+01 2.763152264121944057e+01 2.696739291368944791e+01 2.574239662391729055e+01 2.697408646589508407e+01 2.268681936918909159e+01 2.784175434500419755e+01 2.694375421003807247e+01 2.623427433165978684e+01 2.337730002529805873e+01 2.509415678152973683e+01 2.703123565771858239e+01 2.688270097006100201e+01 2.374821623451591179e+01 2.837365834379490437e+01 2.481782326196649890e+01 2.546225056741900161e+01 2.548411117431993134e+01 2.663488235057083742e+01 2.555743556913124337e+01 2.459926890583908943e+01 2.669943928630607033e+01 2.381074153914453717e+01 2.734181603165250607e+01 2.609012770358231847e+01 2.908450023371019455e+01 2.340296945284070063e+01 2.583917520804435952e+01 2.443644520826813960e+01 2.227091675189148390e+01 2.624768783293535179e+01 2.512476243881335591e+01 2.767942552312513271e+01 2.734520799810660563e+01 2.422515186660003295e+01 2.603011982742968300e+01 2.636295978045850674e+01 2.568699282934376882e+01 2.700615078299576410e+01 2.663240596489673351e+01 2.559036689644736029e+01 2.868750292726945972e+01 2.086869368134619052e+01 2.657050994746298400e+01 2.576240425153061864e+01 2.698159498362522157e+01 2.508659694342042812e+01 2.615925021008773754e+01 2.712679299197285587e+01 2.450270800624130985e+01 2.757613563025216763e+01 2.737539386742527014e+01 2.663140523683440364e+01 2.518060357189891363e+01 2.950007188375287370e+01 2.861574515083637138e+01 2.792302455109486559e+01 2.712055777602234485e+01 2.917131219782480755e+01 2.733178986151994394e+01 2.342435711590970016e+01 2.609593283334402614e+01 2.666884136760096169e+01 2.658679027036776787e+01 2.689101142688788570e+01 2.019452171565821175e+01 2.669507008226274181e+01 2.390087489978517254e+01 2.632524165250679360e+01 2.435092871905325396e+01 2.587432141314266332e+01 2.358097208554112711e+01 2.653837927323936796e+01 2.689408523817825269e+01 2.181456148421762720e+01 2.471991750045161851e+01 2.561280139400585654e+01 2.564656562742905166e+01)
               (list 2.215065360233939984e+01 2.606875647131416684e+01 2.569863959236272422e+01 2.786271008605123711e+01 2.584669550006387340e+01 2.660446165176493238e+01 2.606749942261780006e+01 2.357247504246887004e+01 2.902485464392391634e+01 2.912421787913257276e+01 2.481510362856854357e+01 2.824478907095112135e+01 2.815371589952080456e+01 3.443488592363345902e+01 2.533686645041374064e+01 2.775701577143855303e+01 2.477942737254714345e+01 2.402557484492798068e+01 2.492225962919325255e+01 2.375979445547935143e+01 2.629369728623685631e+01 2.549940587875179432e+01 2.503403383535899707e+01 2.674553126889406940e+01 2.685540560835148938e+01 2.695609374025901417e+01 2.842034519386170999e+01 2.431537886246653812e+01 2.756685886619638026e+01 2.588799832919466581e+01 2.629359664974669641e+01 2.240611014206679386e+01 2.474067549496913188e+01 2.756494759833049812e+01 2.596458616104973771e+01 2.403589514242320391e+01 2.835311313921349097e+01 2.445667293408595455e+01 2.564752177366339581e+01 2.628920772195860067e+01 2.802709256216966338e+01 2.597568254925928954e+01 2.492321290243619103e+01 2.535198076888662300e+01 2.344023058700119577e+01 2.640451162095187598e+01 2.591327147651439233e+01 2.855115546810046467e+01 2.440073720374666522e+01 2.537888085794446269e+01 2.504859692891749745e+01 2.192175349376029914e+01 2.626803481137149632e+01 2.415537615237073865e+01 2.762450298967787887e+01 2.682545330541346118e+01 2.542703274995630736e+01 2.647444579727027403e+01 2.705093590590317731e+01 2.411398116090542487e+01 2.721407649580078925e+01 2.560878456073461606e+01 2.527615214396213617e+01 2.829361821156831525e+01 2.185857152656452840e+01 2.809011167991218372e+01 2.654710760752341514e+01 2.660747621303575272e+01 2.475756744539591026e+01 2.704278104319808662e+01 2.725856381237161941e+01 2.330242711289453084e+01 2.742924137323790390e+01 2.387354754320745087e+01 2.618190878284728385e+01 2.558320318129193538e+01 2.818671452529472177e+01 2.890014643552568430e+01 2.768870076537764646e+01 2.652740578582924869e+01 2.827149898261300720e+01 2.700790930294718351e+01 2.484976000317677247e+01 2.481082161111738671e+01 2.779959257414235196e+01 2.590214831134922946e+01 2.648290753276803500e+01 1.928304359536643275e+01 2.671393797285795202e+01 2.321632180205491736e+01 2.578692093702747101e+01 2.468069909649689464e+01 2.718264673728890912e+01 2.417636058059548176e+01 2.787736274972605344e+01 2.639911810476941056e+01 2.287849609236180370e+01 2.528572496906776479e+01 2.458965782911871401e+01 2.501192916841748115e+01)
               (list 2.093415447590944467e+01 2.514733273465740027e+01 2.643316722131565655e+01 2.643942019344263983e+01 2.364907738979254859e+01 2.591895857995783814e+01 2.404374230454275363e+01 2.371532397234317457e+01 2.825999817324533225e+01 2.735765540164439003e+01 2.358986198811058799e+01 2.817175343621057948e+01 2.736552861627819411e+01 2.533686645041374064e+01 3.354568738812250217e+01 2.550549525423685537e+01 2.488028563465474008e+01 2.399885858536660876e+01 2.257035338198717156e+01 2.240904888906846537e+01 2.450335907694860538e+01 2.461316998734211836e+01 2.428092395209011656e+01 2.655744407340424473e+01 2.535438839440637082e+01 2.546480556111286830e+01 2.468388459964944914e+01 2.309969067162409218e+01 2.556361885501161879e+01 2.649356758792560029e+01 2.577407597476459244e+01 2.217706883231991810e+01 2.318177107070470555e+01 2.632321701743794407e+01 2.436140522159116273e+01 2.267793707435088990e+01 2.703019430824625147e+01 2.373687212191880036e+01 2.446924728320017195e+01 2.259081667754593425e+01 2.452219240548856405e+01 2.475258332436142439e+01 2.362169137780608708e+01 2.509070440338210162e+01 2.253083045070462376e+01 2.790443351319320442e+01 2.450211019549368885e+01 2.669283356625447468e+01 2.296437607023854710e+01 2.447025145632056820e+01 2.239527705886075282e+01 2.027930799014981389e+01 2.652959563243776131e+01 2.393536973968063819e+01 2.547128105458770619e+01 2.442710601061336817e+01 2.418908319710759969e+01 2.451308468657308026e+01 2.595783174295570461e+01 2.329187106660888773e+01 2.481328398012296788e+01 2.593406986478701626e+01 2.413077739814163536e+01 2.775528584054610803e+01 1.948025794385478093e+01 2.531225337938004216e+01 2.433561020255003626e+01 2.527922916264436992e+01 2.325840547742651410e+01 2.531328089270890302e+01 2.619666522265308473e+01 2.251861618150259758e+01 2.734632130481528023e+01 2.569402952391182637e+01 2.299826872177028392e+01 2.394785146854000146e+01 2.732132715302491377e+01 2.741632863967931044e+01 2.760651427447654882e+01 2.476596508563015675e+01 2.899775417330323890e+01 2.735161716268141063e+01 2.347388225490135483e+01 2.437168750575964893e+01 2.769668679289111424e+01 2.467488372994898782e+01 2.677174767802909017e+01 2.110736713088072136e+01 2.584817931461323326e+01 2.266445253967665252e+01 2.343987698486271043e+01 2.428989791919745400e+01 2.484361313217293699e+01 2.311466305100709206e+01 2.656040679307621133e+01 2.398851855844959502e+01 2.427174713640913239e+01 2.333659559955315999e+01 2.429511413277655762e+01 2.415310084283125747e+01)
